113
25
10
128
250
208
233
244
87
246
24
136
143
17
161
114
29
13
92
111
89
212
77
61
65
75
78
71
202
163
78
41
121
67
117
89
80
147
119
63
142
104
200
114
121
73
137
211
29
152
137
194
200
234
218
196
224
3
106
24
165
214
11
139
107
136
163
23
3
194
89
40
74
36
252
9
139
249
228
219
28
97
63
177
46
91
68
224
75
96
179
252
20
233
46
47
80
47
52
8
148
9
14
233
15
67
181
188
36
65
252
95
145
252
163
235
166
164
57
56
53
75
222
4
119
180
218
99
3
220
119
27
219
25
212
122
125
221
184
12
176
45
125
175
113
182
176
177
58
110
42
162
229
211
43
108
177
5
214
30
50
116
224
177
215
216
247
176
30
232
178
225
199
223
254
171
252
211
60
184
78
231
237
118
162
243
33
130
113
84
108
121
155
232
252
127
9
145
252
74
185
120
4
174
106
64
160
94
35
12
152
211
53
70
16
176
24
252
11
88
30
202
211
226
55
149
134
237
132
202
14
88
2
202
34
120
227
254
55
205
215
250
120
230
176
226
140
180
150
183
244
178
149
36
204
20
14
134
36
246
226
67
48
171
252
143
167
25
188
45
96
222
32
243
56
69
48
46
255
239
205
57
220
183
226
29
227
70
127
199
225
28
244
29
201
172
213
80
180
245
86
199
31
141
125
208
84
127
39
183
224
123
132
143
124
188
164
130
6
182
64
208
184
144
197
27
66
197
35
124
222
184
200
81
242
167
120
27
100
40
224
115
112
222
32
208
83
217
14
43
191
95
10
192
128
135
43
94
129
177
232
13
255
150
182
238
107
226
122
237
3
91
31
230
92
4
234
137
59
1
203
210
145
124
239
212
47
7
209
26
142
252
157
175
219
128
46
226
114
137
57
115
178
48
249
137
96
192
230
53
157
45
56
249
127
178
11
103
22
138
132
53
89
28
11
80
11
123
110
100
224
192
139
2
185
48
246
139
183
64
44
1
202
96
140
23
15
32
116
133
47
75
18
29
26
100
150
100
184
60
26
20
236
225
22
66
232
126
221
115
246
17
36
207
194
169
120
110
154
195
215
129
129
221
87
57
54
170
102
217
22
155
97
138
96
81
141
97
181
233
20
215
114
117
220
201
54
76
87
224
185
31
