0 0
0 0
0 0
0 0
0 0
0 0
0 0
0 0
5792 5792
0 0
0 0
0 0
-5792 -5792
0 0
0 0
0 0
5792 5792
0 0
0 0
0 0
-5792 -5792
0 0
0 0
0 0
-5792 -5792
0 0
0 0
0 0
5792 5792
0 0
0 0
0 0
0 0
0 0
0 0
0 0
-5792 -5792
0 0
0 0
0 0
-5792 -5792
0 0
0 0
0 0
5792 5792
0 0
0 0
0 0
5792 5792
0 0
0 0
0 0
5792 5792
0 0
0 0
0 0
5792 5792
0 0
0 0
0 0
0 0
0 0
0 0
0 0
0 0
0 0
0 0
0 0
0 0
0 0
0 0
0 0
0 -8192
0 0
0 0
0 0
-3136 7568
0 0
0 0
0 0
5792 -5792
0 0
0 0
0 0
-7568 3136
0 0
0 0
0 0
-8192 0
0 0
0 0
0 0
7568 3136
0 0
0 0
0 0
0 0
0 0
0 0
0 0
-3136 -7568
0 0
0 0
0 0
0 -8192
0 0
0 0
0 0
-3136 7568
0 0
0 0
0 0
-5792 5792
0 0
0 0
0 0
-7568 3136
0 0
0 0
0 0
-8192 0
0 0
0 0
0 0
0 0
0 0
0 0
0 0
0 0
0 0
0 0
0 0
0 0
0 0
0 0
0 0
-5792 5792
0 0
0 0
0 0
8192 0
0 0
0 0
0 0
-5792 -5792
0 0
0 0
0 0
0 8192
0 0
0 0
0 0
-5792 5792
0 0
0 0
0 0
8192 0
0 0
0 0
0 0
0 0
0 0
0 0
0 0
0 -8192
0 0
0 0
0 0
5792 -5792
0 0
0 0
0 0
-8192 0
0 0
0 0
0 0
-5792 -5792
0 0
0 0
0 0
0 -8192
0 0
0 0
0 0
5792 -5792
0 0
0 0
0 0
0 0
0 0
0 0
0 0
0 0
0 0
0 0
0 0
0 0
0 0
0 0
0 0
8192 0
0 0
0 0
0 0
-3136 -7568
0 0
0 0
0 0
-5792 5792
0 0
0 0
0 0
7568 3136
0 0
0 0
0 0
0 8192
0 0
0 0
0 0
7568 -3136
0 0
0 0
0 0
0 0
0 0
0 0
0 0
3136 -7568
0 0
0 0
0 0
8192 0
0 0
0 0
0 0
-3136 -7568
0 0
0 0
0 0
5792 -5792
0 0
0 0
0 0
7568 3136
0 0
0 0
0 0
0 8192
0 0
0 0
0 0
0 0
0 0
0 0
0 0
