0
0
0
0
0
0
-6320
8848
8848
-8848
-3792
-1264
-1264
-1264
8848
8848
-1264
-3792
-6320
1264
-6320
-1264
-6320
6320
-8848
8192
-8848
8848
1264
-8848
8848
-6320
6320
-8848
-8848
-8848
6320
-6320
-8848
1264
1264
6320
-8848
-1264
-8848
-1264
-3792
-3792
-6320
1264
-3792
3792
-3792
8192
8848
3792
6320
6320
6320
6320
-1264
-6320
-8848
-3792
-6320
-6320
6320
-8848
8848
6320
-6320
1264
-3792
-3792
-1264
-8848
-1264
-8848
3792
-1264
1264
-1264
6320
-8848
-8848
6320
1264
-1264
6320
8192
3792
8848
-8848
-1264
8848
-1264
-8848
8848
6320
-8848
3792
-3792
3792
-6320
-3792
1264
1264
3792
1264
1264
-8848
8848
-6320
3792
3792
-8848
1264
-8192
1264
6320
6320
-6320
6320
-3792
-6320
-8848
6320
0
0
0
-3792
6320
3792
6320
8848
1264
-3792
1264
3792
-8192
1264
3792
-8848
-1264
8848
6320
-6320
3792
8848
-1264
3792
8848
-1264
-1264
1264
8848
-8848
-6320
-8848
-3792
3792
-1264
-3792
-8848
3792
1264
-1264
8192
-3792
1264
-1264
-6320
-3792
8848
-8848
3792
3792
-8848
-8848
1264
3792
1264
-6320
8848
-3792
-6320
3792
-6320
-8848
-1264
-1264
-3792
-3792
3792
-6320
1264
-1264
8848
-3792
-1264
3792
-3792
3792
8192
-1264
-3792
1264
-6320
6320
3792
3792
3792
1264
6320
8848
-8848
8848
6320
3792
3792
-3792
8848
-8848
-1264
-1264
-3792
6320
-6320
3792
1264
-3792
8192
1264
-3792
-6320
6320
8848
-6320
8848
-1264
-3792
-6320
8848
3792
-6320
-3792
-1264
8848
1264
6320
6320
0
0
0
0
0
0
0
0
0
0
0
-8848
6320
-8848
-3792
1264
-3792
-1264
-3792
6320
6320
-3792
6320
-3792
3792
3792
3792
-1264
1264
8848
8192
1264
-3792
8848
-8848
6320
-8848
-8848
6320
-8848
1264
8848
8848
3792
3792
-8848
1264
-1264
1264
1264
8848
6320
8848
6320
1264
8848
-1264
-6320
8192
-1264
-6320
6320
-8848
-1264
1264
-3792
-3792
-3792
-8848
8848
1264
-3792
8848
3792
-6320
8848
-8848
-8848
-1264
-3792
6320
-6320
1264
-3792
-1264
1264
1264
-6320
3792
8848
-1264
-6320
-8848
3792
8192
-8848
6320
1264
-6320
1264
-8848
-1264
8848
-3792
1264
6320
-6320
-6320
1264
1264
1264
-6320
8848
-3792
-8848
-8848
3792
8848
-8848
-1264
8848
-8848
-8192
-1264
-6320
6320
-8848
6320
-1264
3792
6320
8848
0
0
0
-6320
-8848
3792
3792
6320
-3792
-1264
-3792
3792
-8192
3792
-3792
-6320
-1264
1264
-6320
-8848
-8848
-1264
-6320
-1264
-8848
6320
8848
-3792
-6320
-3792
-1264
8848
1264
-3792
3792
6320
1264
1264
-3792
6320
8192
-1264
8848
6320
3792
-3792
-6320
6320
-1264
-6320
-3792
-1264
-3792
6320
-3792
6320
6320
-6320
-6320
-1264
3792
-1264
1264
1264
8848
-8848
-8848
6320
1264
-8848
-8848
6320
3792
8848
6320
6320
8192
-8848
-8848
-8848
1264
-1264
-8848
-3792
-8848
3792
1264
6320
1264
8848
-1264
-6320
-6320
-6320
-3792
-1264
-6320
1264
-3792
-3792
8848
6320
-1264
8848
8192
6320
6320
3792
-6320
8848
-1264
6320
3792
-3792
1264
-1264
1264
-3792
-1264
-6320
1264
8848
3792
6320
0
0
0
0
0
0
0
0
0
0
0
-3584
-7432
-6320
-10400
-1248
8060
-1788
8768
1088
-7924
6320
-2472
5760
5960
1788
-3148
-6888
4460
3792
1600
4792
-3856
7148
-12272
4956
9908
1264
-2488
5356
6664
3572
12272
-4552
-6940
8848
-8428
-8256
-4564
-7148
-9464
3424
-7924
1264
7924
120
-10868
0
-4552
-4956
2488
3792
5460
-4388
-10868
8936
-1056
-3584
-8924
-6320
-5460
2456
-10868
7148
-3844
-3020
1488
6320
-3472
1652
7364
-5364
8060
6888
-9908
-3792
-1980
-4388
12272
-7148
7364
4552
-8
6320
1600
-120
-4552
-5364
10172
2052
-7432
8848
1980
9628
1744
8936
3864
-5356
-4460
1264
-9908
3988
-6652
-7148
1044
8660
10400
-3792
-484
1088
-1044
10724
4552
-7292
484
1264
5444
1088
2440
-7148
-8768
-1248
0
0
0
120
-5248
-3572
-2460
9628
-1996
8848
-8
684
4552
-8936
-2460
-3020
-992
-8848
-7444
5356
-12272
1788
-340
-4388
-6448
-6320
-6448
6888
340
-1788
-1756
4388
7936
1264
992
-9224
1756
-7148
-3856
-2052
1600
-3792
2488
-2456
10868
7148
-4564
11560
-7924
3792
-7432
1248
3856
-7148
10172
2216
9416
-1264
4476
-3424
-348
1788
-6652
4388
6952
3792
1980
-5760
-1764
1788
8060
6324
3968
-8848
5444
-4956
-4552
-3572
3864
4388
5952
-1264
-7432
6888
2448
8936
-9464
5920
3968
-8848
-6448
5760
3160
-3576
-4552
1248
-9908
-6320
-10400
4792
-4564
7148
-2460
6888
1600
1264
-3472
2052
-12272
-5364
2448
7292
1996
-1264
-4968
-7292
-5960
-5364
12272
5920
9416
-8848
-4476
-2052
0
0
0
0
0
0
0
0
0
0
0
4388
8
3792
-2488
10592
3160
0
2460
5920
6952
1264
-10400
-6324
-1056
0
-360
-2456
-9416
-1264
1600
9224
-3856
3576
6664
-5920
1980
6320
1488
5920
4552
-1788
-4552
-4792
1980
3792
9908
-4388
-3160
-10724
-348
5920
-992
3792
5952
-120
7364
-7148
-4552
3424
-6940
-6320
1488
684
1756
-3576
12272
-11560
-7432
-8848
2488
-11560
-2440
3572
-3844
11560
-5460
-8848
-6940
9628
-10172
1784
1056
-5760
-1996
-8848
-2964
-4388
-4552
3576
-4564
-3020
-2488
3792
1600
-9224
-3844
-8936
-1756
1652
-6940
-6320
10400
3988
2460
0
-9464
-2456
9416
-3792
7924
-3020
2460
1788
-2460
-4388
5952
-3792
1488
2620
4552
3576
4552
2456
8924
3792
5952
-7292
-8068
7148
348
-7292
0
0
0
1652
1764
3572
-10172
3020
-4476
-6320
5460
4388
4552
-1784
8768
-684
-1488
-1264
7924
-11560
2440
1788
12272
-9628
-10400
6320
3472
11560
340
7148
-8068
10592
-4476
6320
-992
6888
7364
12512
360
1248
1600
-8848
6940
-10592
3160
5360
6664
-1088
9416
1264
-992
-4388
-3160
1788
12272
9224
-992
8848
7924
-6724
-3844
1788
1764
-6324
-2488
-1264
6940
-6324
-360
8936
6664
1652
6448
-1264
-9908
-6888
-4552
-3576
6664
5920
5444
6320
-5952
-284
5960
-1788
-10172
3988
-1488
8848
-2488
5920
-360
-3576
348
1652
1980
1264
2472
4792
-2440
-8936
10868
11560
1600
-3792
-5952
-1248
-9464
0
-7364
-4388
6952
-6320
1488
6888
5260
10724
9464
9224
5460
3792
7924
-1652
0
0
0
0
0
0
0
0
0
0
0
1764
9244
10724
528
2460
3632
-9628
1576
7432
3896
3792
9424
-4968
-3044
3424
2904
1764
2480
8936
-6332
360
-3632
-3584
7884
-1980
-636
-8848
-9424
-3968
7368
-7692
1864
-6652
6940
3576
-4636
10868
-7208
-120
-4948
9908
-9672
-3792
8928
-5952
-628
-3424
3860
7364
4984
5360
10496
-348
-364
2052
6632
-1980
1132
8848
-1628
5952
3996
4792
-1712
-5968
10848
-5360
-1776
3844
7516
-7292
4948
500
-6908
8848
2904
2472
2308
-3020
-3940
-1056
-1076
5364
-6332
5260
8552
8256
-5680
1488
9672
-1264
-9176
-7924
-6196
7292
3056
2440
876
-1788
-4084
-6664
-3632
4388
-3480
-500
388
-3792
-4392
2472
-1060
-1088
-3860
-6664
4636
0
1428
-3856
4824
1088
-3776
-10400
0
0
0
3472
-3776
-10592
-5132
5260
-4084
1784
-4436
-5260
-3860
8660
4212
-8
5916
3792
636
-9416
7368
7292
8552
-12272
-7640
1788
-728
-4552
-5132
3020
108
-1488
2124
1264
-884
-2980
-8836
-6324
364
-8068
-6332
-1788
1228
-4552
4976
-1248
-5680
-2964
-1876
-8848
-6412
2980
7368
-3988
5132
6664
2680
-1788
-12452
1056
3940
-1088
-1792
-1996
-884
8848
-2904
-484
3776
6324
828
-1764
-8892
-3572
-6940
-360
3860
120
-3480
-4460
-9424
-8848
4144
2472
108
-2216
-5288
-7364
5336
-8936
2680
1044
4824
-7292
-7148
-9416
-1380
-6320
3896
-500
5464
-1652
-6324
1744
-6332
0
-4984
3856
364
5356
7368
-7444
-7156
-3792
-9424
-5952
4212
-5760
8400
9464
5684
-1788
4084
-8768
0
0
0
0
0
0
0
0
0
0
0
1756
6940
-3572
-1228
2460
8400
2620
5464
7444
-6660
-1264
6412
-500
6416
3020
-6016
4564
-9244
1788
-6332
-3148
-3784
-6324
840
-5444
1132
-1264
-4640
-6952
5900
7292
-11976
-12272
-876
0
-3380
3844
-11976
4388
-7148
10400
-1628
1264
-1380
-3472
-3480
-6724
3860
10172
7288
3572
2832
2448
4976
-2620
-7148
-5460
-9424
-1264
-1380
4952
9568
-4388
-1400
12272
3732
3576
-1228
-3148
-828
-1248
-5464
4476
-3896
-1264
5916
-5460
-3996
1248
-828
-348
-2132
5360
-6332
-8068
-10784
284
-4948
9908
7156
8848
-5916
-1488
4948
-1652
9744
2448
728
5360
-10496
3148
7360
7292
-1576
992
1132
8848
-4640
6952
-5900
-9224
-3860
9464
1228
-10724
-1428
12272
-2592
11560
-7368
6940
0
0
0
-4476
7368
-684
4096
9464
-5684
-7148
-12452
360
-3860
1248
-7368
8
3648
3792
-6164
6940
7368
3584
1712
-3856
6940
12512
-2832
360
6016
1652
3480
-9416
-5420
3792
8432
2472
-3776
-5920
672
3148
-6332
-3576
-7288
-1756
-3940
3584
-5464
3968
7936
1264
5916
-9416
-5464
3584
-2748
1756
-5684
-1788
-4984
5248
1864
6724
7148
-5460
8680
-6320
-6412
1488
840
-284
-11976
12272
-2832
0
-8544
10868
3860
11560
-6196
-6448
-7936
-3792
-4392
4952
1792
-4792
-1864
-348
-4436
1788
1228
-7364
-2904
-5920
-2308
-9908
1380
3792
3152
-5444
5680
120
2748
1756
-6332
-5360
-2480
12272
7516
-684
10304
-10400
7936
3792
-7156
-7936
-3044
-4388
3940
-6664
2680
-7148
3380
4552
0
0
0
0
0
0
0
0
0
0
0
7936
364
1788
3940
2488
5916
9224
-2680
2460
2528
6320
6196
5248
8544
-3988
3152
-1488
828
-5364
3860
992
7936
3584
-6040
3148
-1792
1264
-7884
-340
-3032
1088
3648
-2472
-2904
1788
-6168
-3472
-3648
1248
-7288
360
8100
6320
-3044
-7364
528
-6324
-8152
2980
11976
3576
1400
-1980
4144
-3584
-4984
-9464
6196
-1264
628
2460
-2832
1248
8928
992
-11976
-3576
4976
5952
5916
6724
1776
9464
108
-8848
8836
1764
6588
-9224
-7156
-6940
-364
1788
3860
-5460
-1876
4792
-7288
3844
1576
-1264
8100
6652
-5336
-8660
-9672
-484
-4976
5360
-2592
5444
-9672
5760
4636
-5260
6632
1264
3776
1044
2680
1248
8152
-9416
-2904
-7148
1864
2980
7936
-120
1076
-1744
0
0
0
8768
4084
-7292
4392
-3968
2904
5360
7360
3472
8152
4388
7288
2440
-9568
-8848
-628
-2460
-4984
2216
636
9416
6168
5360
3940
-992
-8928
-6724
7288
10868
1792
-6320
9568
10868
-4084
-8660
6660
-6940
3860
-3576
7516
7432
1132
-2216
-6588
-3856
8616
-6320
-8616
10172
-728
6324
-4392
-7936
364
0
-1712
-10400
-2124
3584
-6940
-1744
-7368
-8848
-4728
1764
1228
-4792
6164
-484
-4824
1788
3784
-3472
-8152
-4956
-4084
1056
-4948
-1264
-9568
-10172
-3732
-3424
-8680
6952
672
5360
-7360
-5952
5668
-6324
-7640
3148
-4948
6320
628
-4552
-1428
-1088
6412
-9416
3860
5360
520
8428
-5916
2456
-4984
-348
-10304
-8848
1060
-8768
-876
-3584
-2124
1488
-6168
-1788
4976
-7444
0
0
0
0
0
0
0
0
0
0
0
-5460
-3632
-7148
-3940
-7924
3648
6724
176
-3148
7148
-8848
-3044
348
-1428
-7292
8184
-1996
-11976
-5360
3860
3472
-7936
-5920
-728
-1764
7148
-6320
3260
-7364
4084
-4388
884
-2488
-520
1788
-520
-4952
884
4792
5684
7364
7368
-3792
-3996
-3148
-1776
5920
-8152
1488
-828
-5360
9592
-4952
7156
4388
-2480
-360
3996
-1264
840
4564
-1228
3424
-7936
10400
-364
0
-3632
5952
4640
-4792
176
-12272
4948
-6320
5900
1056
-176
-2456
-3152
-992
7516
1788
3860
-5460
-3896
2456
1776
6664
1792
-1264
7148
3844
-176
1652
-6660
-9416
3632
-3576
-7516
3472
-636
4792
-1076
-1764
10304
1264
1792
-6664
4084
-1088
8152
4952
672
5360
1712
-5460
3896
-6724
9244
10868
0
0
0
3160
6940
2456
-6660
-1488
7360
-7148
7360
-992
8152
9224
2132
3844
7148
-6320
-4948
1744
1076
684
1380
992
-7516
12512
3632
-2488
-6908
-9628
-1228
10868
-108
-8848
-10304
360
-9244
1248
-8184
5444
3860
-1784
-1864
7936
7156
6724
2480
-3148
628
-8848
3044
3856
7288
-4388
9424
992
5288
0
2748
-2488
-9672
-2456
-176
-8068
10304
-3792
7368
10172
-7288
120
-6412
-500
364
1788
-3784
-6448
-8152
-5920
-1776
-3856
3044
8848
8616
2448
1228
-1088
-4640
-5460
4976
3572
-1864
3968
-5420
-11560
-2680
-2460
-7368
-6320
7148
7364
-1776
684
3648
1488
3860
-1788
11976
-10400
-9424
6888
12452
-10172
7368
-1264
-7368
-12272
2480
-7292
9672
-5952
520
5364
1712
9908
0
0
0
0
0
