0
0
0
0
0
0
6320
-1264
8848
-1264
3792
1264
6320
1264
-1264
-6320
6320
3792
3792
1264
-8848
-3792
-1264
-6320
-1264
0
3792
6320
6320
-8848
-1264
6320
3792
-1264
-6320
-6320
-1264
3792
-8848
-8848
-3792
3792
-6320
1264
8848
-8848
6320
-3792
-8848
-8848
-8848
-3792
1264
0
-8848
-1264
8848
8848
1264
-1264
-8848
-3792
-8848
-6320
-3792
3792
8848
3792
1264
-3792
-6320
-1264
-8848
6320
-1264
6320
-6320
-8848
1264
1264
-1264
6320
3792
-3792
-6320
-8848
-3792
6320
6320
0
-6320
6320
8848
8848
3792
-6320
-3792
-8848
3792
-3792
-6320
-8848
-3792
-3792
-8848
6320
6320
-8848
3792
-3792
1264
6320
-6320
-1264
-1264
8848
8848
0
-3792
1264
-1264
6320
-6320
-3792
-1264
-1264
8848
0
0
0
-6320
-6320
-3792
-3792
1264
8848
-1264
8848
1264
0
8848
-6320
1264
3792
3792
-1264
-3792
-6320
1264
-6320
-3792
-6320
6320
6320
-6320
6320
-8848
3792
1264
8848
8848
-6320
-6320
-8848
-1264
-6320
8848
0
-6320
-6320
-6320
-3792
8848
3792
-6320
3792
-1264
-1264
8848
1264
-3792
1264
-3792
-8848
1264
1264
1264
-1264
-3792
-8848
1264
6320
1264
-6320
-6320
-8848
-8848
6320
3792
8848
1264
-3792
-6320
0
-8848
-6320
1264
-1264
-1264
8848
1264
-3792
8848
-8848
6320
8848
6320
-6320
3792
1264
6320
6320
6320
-3792
-6320
1264
-3792
3792
-8848
3792
8848
0
8848
-8848
-6320
6320
-8848
8848
8848
1264
1264
-6320
-1264
6320
8848
3792
3792
1264
3792
-6320
-6320
0
0
0
0
0
0
0
0
0
0
0
-1264
-3792
-6320
6320
1264
-6320
1264
-8848
-1264
1264
-1264
8848
6320
-6320
-6320
1264
1264
1264
6320
0
1264
8848
-8848
-8848
3792
8848
-8848
-1264
-6320
-3792
8848
-6320
6320
-8848
6320
-1264
3792
3792
-6320
-3792
-8848
3792
3792
6320
-3792
-1264
-3792
0
-3792
-3792
-3792
-6320
-1264
1264
-6320
-8848
1264
-8848
-6320
-1264
-8848
6320
8848
-3792
-6320
-8848
-3792
6320
1264
-3792
3792
6320
1264
1264
-1264
-3792
1264
8848
6320
3792
-3792
-6320
6320
0
-3792
1264
-3792
-1264
-3792
6320
-3792
6320
6320
-1264
3792
3792
3792
-1264
1264
1264
8848
-8848
6320
-8848
6320
-8848
-8848
6320
3792
8848
6320
0
8848
3792
3792
-8848
1264
-1264
-8848
-3792
-8848
0
0
0
6320
8848
6320
1264
8848
-1264
-6320
-6320
-6320
0
3792
-8848
-1264
1264
-3792
-3792
8848
6320
-1264
-8848
-3792
8848
3792
-6320
8848
-1264
6320
3792
-3792
6320
-6320
1264
-3792
-1264
-6320
1264
8848
0
6320
8848
-1264
-6320
-8848
3792
1264
-3792
1264
3792
1264
-8848
-1264
8848
-3792
3792
3792
1264
6320
1264
1264
1264
-6320
8848
-8848
3792
-8848
6320
8848
-8848
-1264
8848
-8848
3792
-3792
0
8848
1264
6320
-1264
3792
6320
8848
6320
6320
3792
-1264
6320
-3792
-1264
-3792
3792
-8848
-1264
1264
-8848
1264
-6320
-8848
-8848
-1264
-3792
8848
0
3792
-3792
8848
-3792
-6320
-3792
-1264
6320
-6320
3792
3792
6320
1264
1264
-3792
6320
8848
-1264
-3792
0
0
0
0
0
0
0
0
0
0
0
-5356
-4968
-1264
6952
6324
3864
-10724
1744
-7292
-7444
3792
5952
9224
2460
10724
6664
-6724
2980
6320
-8032
11560
-1056
-5364
-2440
2052
4476
-8848
-6940
3584
-3148
-1788
2440
-7692
-2488
-8848
-2964
3424
4552
1788
1764
-8256
-7444
1264
-7444
9628
340
5360
-6812
-2052
-6940
1264
4952
-5920
340
-3576
-3856
-5356
484
-8848
-4952
10592
340
-1788
10172
2620
992
-8848
-1980
-684
360
7148
-3864
6724
-4476
-8848
3472
-5920
-2440
-5364
-360
7692
6448
1264
-8032
-9628
-4564
-7148
3844
-4956
-4968
-1264
-3472
-120
8768
3576
8060
3584
-2980
8848
4476
284
-5968
5364
-5260
-2216
6952
-3792
8924
7292
-5260
1788
6812
-1088
8924
8848
-7936
7292
12272
-1788
-1744
-6324
0
0
0
9628
-8068
1788
-5960
120
9416
-1264
-6448
1652
-6812
-3576
-5960
2620
1488
3792
-7924
3584
2440
-3572
10868
5920
-8
-1264
8
-6724
10868
3572
-348
-5920
-5444
-8848
1488
5760
-348
1788
1056
4956
8036
-3792
6940
-10592
-340
-1788
-4552
4792
-7444
-1264
4968
-6324
1056
-5364
3844
8660
1996
-8848
9908
-8256
-1756
3572
5968
-5920
-10400
-3792
-3472
-9224
9464
10724
-3864
-1248
500
-8848
-7936
2052
6812
-1788
8060
-5920
-2472
-6320
4968
-6724
3160
0
1764
4388
500
3792
8
9224
-2448
5360
4564
6324
-4476
-6320
6952
11560
4552
5364
-5960
6724
8036
-1264
-1980
4956
2440
7148
-3160
1088
-9416
-6320
-7432
1088
-2460
7148
2440
4388
1996
1264
-9908
-4956
0
0
0
0
0
0
0
0
0
0
0
-5920
-6448
-6320
-6940
-2456
-2448
-1784
5960
4388
-10400
8848
6952
-1248
3856
-12512
-7364
10592
-1996
6320
-8032
-5760
-1056
-5360
3148
-4388
3472
-1264
-992
-4388
4564
-7148
4564
11560
3472
6320
-4476
-5920
2448
-1788
1756
4388
1488
-8848
2472
-9628
360
-1788
-6812
-8256
-2488
-3792
-992
1652
-348
-8936
2440
-4792
-4968
-8848
6940
4792
-12272
1788
10172
4792
4952
-6320
2488
-120
3844
0
3856
9224
9416
-6320
8428
-5920
-4564
-8936
-4552
2620
6940
6320
-8032
5760
-10172
3576
-348
684
-2488
-8848
-6952
284
-5960
-8936
1764
10592
1996
-6320
-7444
-2620
-5960
7148
-5960
5920
-2472
-6320
-992
-3020
4564
-8936
6812
-10592
-484
-8848
2472
1088
5248
-1788
-1756
-1088
0
0
0
-684
-9464
-1788
-3844
-2620
9908
-3792
4952
5920
-6812
0
1744
1652
-992
-1264
-7444
4792
12272
-7148
2440
-120
-6952
8848
1980
-4792
10868
1788
-5248
2456
9908
1264
-1488
-6724
360
0
7364
6324
8036
3792
-2488
2456
-2448
3576
3148
7292
1996
1264
-1488
-5920
2448
7148
2440
5760
1488
3792
-7444
-6888
-10172
-10724
9464
1248
6940
3792
-2488
-1248
7364
0
3148
684
8
-3792
4476
6724
6812
-5360
3148
4388
7936
-3792
-2472
3988
2460
3572
-3844
-284
-992
3792
-6940
-4388
7364
5360
-1756
684
3472
1264
-5952
11560
-12272
-3576
340
4792
8036
-8848
-2472
6324
-1764
12512
360
5920
-10400
1264
-992
-6724
-1044
1788
-1764
5760
-4952
-1264
-7444
684
0
0
0
0
0
0
0
0
0
0
0
-9464
2680
1788
-5336
5960
-11976
-120
840
4968
884
-3792
-5420
-7432
5680
8256
-2748
-9464
6940
3576
5196
7364
11976
-5356
4212
-3472
6412
-8848
5420
500
6196
-4552
-6168
-5968
-2480
-8936
-7640
340
5288
9628
5464
4476
-7936
-8848
-388
-2472
6416
-8256
-7224
360
-4084
0
2832
1756
7360
-4956
-8616
-3472
-1380
6320
3648
2472
-108
11560
520
6652
728
3576
-176
-10172
6016
-1088
-5464
-3968
-5668
-3792
9176
-5952
-3260
-2620
-672
3856
7288
7148
5196
1044
2592
3424
3044
992
7936
-6320
2904
7444
7368
-1088
-8400
12272
8892
-3572
4984
-3148
11976
-5920
10304
3968
-8928
6320
5916
-5952
-9568
-7292
7224
3148
-7640
8936
3732
1056
-9744
-7292
-8100
-6952
0
0
0
1980
8100
2456
1556
-1044
-4984
0
8544
-1044
-7224
-2216
-7884
6448
-4392
6320
6412
1996
6196
-1088
-2592
2440
-4636
-3572
-10848
4564
-1556
-2620
-3996
-992
8680
-8848
-3896
-4460
-1360
-1248
7360
5248
-5196
10724
-12452
4564
-4096
-6324
3044
-8428
-6164
-3792
636
4460
6196
-284
-1556
-3148
-9244
-7148
-1228
3856
-672
7292
7148
9416
3896
8848
-9176
8924
-8100
1248
-9592
9464
876
-1788
-2480
-7364
7224
-9628
10304
-2980
-5420
3792
-3400
-5952
3996
8660
7208
-360
-528
-3576
9244
-5260
-9744
-1088
-1792
-1996
-1132
-3792
-884
-3968
-4948
684
3784
8768
-5196
8936
-4084
-1056
-7360
-3584
-6196
7924
-8184
1264
5420
-2472
7884
-9224
3056
1764
3032
10724
-4984
-1744
0
0
0
0
0
0
0
0
0
0
0
-348
-2480
1788
12452
5960
-3056
3020
4948
-7924
-3152
3792
-636
-3968
628
2620
-7516
-4552
-2680
-7148
5196
6664
6324
1248
-1576
-7936
-1380
-1264
8432
-10400
11036
-1088
3632
2440
-8892
12512
-2132
-10172
-3632
-5920
-1792
6952
-3648
-3792
1132
-1980
-10304
-6888
-7224
-3844
1076
1788
-10496
-3160
-4096
-3020
-1792
4952
-5420
-1264
1132
-5460
-1060
-5920
-10784
-2440
1428
-5360
12452
6664
-9592
-6324
-4948
-9908
-884
-6320
4392
-4952
108
-6324
9592
-1756
-3380
-3576
5196
-5248
-1400
3988
5464
4476
8184
3792
-4392
992
5464
684
-4824
3160
-10848
-3576
-2832
-6664
364
1088
-840
-1488
-1380
3792
8432
10400
-11036
5760
7224
1764
12452
1788
-3732
2440
8552
4792
6196
2488
0
0
0
-9908
6196
-1652
-4976
1764
-3032
-1788
-1228
7364
-7224
6324
6196
-6448
-1628
-6320
-1876
-2488
6196
-5356
-520
-1056
-2480
0
10496
7364
-7516
684
-10304
-1996
9424
-6320
4640
-5952
8100
4388
-3940
6664
-5196
-5360
1076
-348
672
5356
-4948
500
-9672
-6320
4392
1996
4948
-5356
-2904
-348
-3032
3572
-4084
-8068
6168
-6888
1792
4952
-2124
3792
636
-992
1576
3988
3632
-2440
-10496
8936
-4436
340
7224
4792
-7368
-8
9672
-8848
5916
-5460
7148
-11560
6168
-1756
-8544
-7148
-12452
360
-2748
-4388
-3260
-4476
1132
6320
6660
7936
3044
9628
2904
-348
-5196
3576
6940
2440
6016
1652
3480
-6952
-9672
-6320
8184
-5444
5680
-5920
672
3148
-9244
-1788
2132
-4564
0
0
0
0
0
0
0
0
0
0
0
5444
7360
-7148
-672
-6940
4392
-5760
9244
5960
-4728
-6320
-7368
8068
4436
284
-6660
992
-9592
-7148
7224
-1488
9672
-5356
-6588
-6664
7148
3792
4212
-10868
-5684
-7292
-1628
5952
2748
-10724
1864
1980
-1628
-6324
-1076
7364
-3776
6320
5680
-360
-5336
1248
804
4460
-3632
8936
-10784
-3472
-3400
5356
4084
1764
7368
3792
-6416
-5960
10496
6324
388
1488
3632
-5360
-4096
-2472
4392
6888
-176
-1764
-3996
-6320
1360
-9464
6040
-5760
-8184
2488
-7360
-10724
7224
4952
6164
11560
-1076
-10172
840
-6320
3776
5968
-528
2216
-7936
8924
-4096
-3576
8552
7936
7936
9224
-7640
-1044
-8616
8848
-8100
5260
9244
6324
-800
1996
2748
5364
6168
-4460
9672
-9628
-7288
8768
0
0
0
-1744
-4984
-1088
5916
500
-2748
3576
364
-1980
804
5920
1076
-12272
-1060
8848
6416
5960
-4084
8660
-6412
-1996
1864
0
-672
1488
388
-6888
1076
340
-7148
6320
-1060
-340
4984
2216
3152
2488
-7224
5360
6016
4968
1380
8660
6040
1056
6632
-3792
6632
-3844
-10848
-1248
-5916
-5444
7360
1784
-520
-6952
8680
-5356
2480
8768
6196
-1264
2528
-9464
-12452
11560
-1876
8924
-9744
-3572
-6324
1980
-800
2052
-4984
3856
5464
-1264
1060
3844
1428
8256
2124
10400
-3940
-3576
-364
2472
6908
-1248
-4636
-6664
5464
-3792
-6416
-4564
-3732
7292
636
1996
-7224
0
-1712
-2964
-4392
10592
4084
1756
-3480
8848
9568
1744
8892
-5356
-8680
-992
-1864
7148
-4096
7924
0
0
0
0
0
0
0
0
0
0
0
-4952
-11976
-1788
672
-7444
1628
6888
1776
6664
1792
3792
5680
1756
-3732
-1088
-7156
-9416
3632
-3576
7224
-1980
-9672
4388
10848
-9464
1792
8848
2308
-360
-4984
5920
-3896
-6940
-1712
3572
1712
-5460
3896
11560
3032
-360
-6196
-6320
108
-6664
-176
4388
804
-992
9592
-3576
-828
-5460
-8184
5920
-6940
-7364
108
1264
1576
-4552
12452
-8256
9672
-6952
-7360
12512
11976
-2472
-8432
-11560
1776
-2440
-5464
-3792
11036
-3856
1776
10592
6660
-1488
-6016
10724
7224
4952
884
10592
-176
3148
-7148
1264
-1792
10172
1776
684
-3152
1996
11976
5360
-6016
-1980
-6412
11560
7288
-9464
3480
-3792
7148
3148
-4984
7292
-800
-5460
-3940
3576
520
4952
-884
-6888
2680
340
0
0
0
-2448
2480
-10592
-3152
992
-364
5364
364
1488
804
-5760
3380
-10172
1792
-3792
-5464
8768
7288
-1652
1132
1488
6016
0
-11976
6940
5668
120
-12452
340
3996
-8848
3480
-7364
2680
6324
7156
-7936
-7224
0
-6168
-5444
-8184
6888
6940
6664
6416
3792
-5680
1056
-1076
5920
5420
1488
-7208
1784
-2904
6940
7936
-10592
-1776
-5248
3480
6320
6196
-3844
1076
-9628
-636
-3968
7360
-7148
6324
-8
-800
4388
176
1056
5680
-3792
-6632
3160
-12452
7292
-8432
-4952
4096
-1788
-6168
500
-9424
4792
9244
-5960
6196
-3792
-1792
360
-176
-1652
-1628
-992
-7224
-3572
3632
-6952
5420
-6724
-1228
-3844
-6196
-6320
-6196
2440
-6940
-1088
7936
-2472
1712
7148
520
4476
0
0
0
0
0
