0 0
0 0
0 0
0 0
8192 0
8192 0
8192 0
8192 0
8192 0
-8192 0
8192 0
8192 0
-8192 0
-8192 0
-8192 0
8192 0
-8192 0
8192 0
-8192 0
-8192 0
-8192 0
8192 0
-8192 0
8192 0
8192 0
8192 0
-8192 0
-8192 0
-8192 0
8192 0
-8192 0
-8192 0
0 0
8192 0
-8192 0
-8192 0
-8192 0
8192 0
-8192 0
8192 0
-8192 0
-8192 0
8192 0
8192 0
-8192 0
-8192 0
-8192 0
8192 0
-8192 0
-8192 0
-8192 0
-8192 0
-8192 0
-8192 0
-8192 0
8192 0
-8192 0
-8192 0
-8192 0
8192 0
8192 0
0 0
0 0
0 0
0 0
0 0
0 0
0 0
-7568 -3132
-7224 -3860
-6812 -4552
-6332 -5196
-5792 -5792
5196 6332
-4552 -6812
-3860 -7224
3136 7568
2380 7840
1600 8036
-800 -8152
0 8192
804 -8152
-1596 8036
-2376 7840
-3132 7568
3860 -7224
-4552 6812
5196 -6332
5792 -5792
6332 -5196
-6812 4552
-7224 3860
-7568 3136
7840 -2376
-8032 1600
-8152 804
0 0
8152 804
-8032 -1596
-7840 -2376
-7568 -3132
7224 3860
-6812 -4552
6332 5196
-5792 -5792
-5196 -6332
4552 6812
3860 7224
-3132 -7568
-2376 -7840
-1596 -8032
804 8152
0 -8192
804 -8152
1600 -8032
2380 -7840
3136 -7568
3860 -7224
4552 -6812
-5196 6332
5792 -5792
6332 -5196
6812 -4552
-7224 3860
-7568 3136
0 0
0 0
0 0
0 0
0 0
0 0
0 0
5792 5792
4552 6812
3136 7568
1600 8036
0 8192
1600 -8032
-3132 7568
-4552 6812
5792 -5792
6812 -4552
7568 -3132
-8032 1600
8192 0
-8032 -1596
7568 3136
6812 4552
5792 5792
-4552 -6812
3136 7568
-1596 -8032
0 -8192
1600 -8032
-3132 7568
-4552 6812
-5792 5792
6812 -4552
-7568 3136
-8032 1600
0 0
8036 1600
-7568 -3132
-6812 -4552
-5792 -5792
4552 6812
-3132 -7568
1600 8036
0 -8192
1600 -8032
-3132 7568
-4552 6812
5792 -5792
6812 -4552
7568 -3132
-8032 1600
8192 0
8036 1600
7568 3136
6812 4552
5792 5792
4552 6812
3136 7568
-1596 -8032
0 8192
-1596 8036
-3132 7568
4552 -6812
5792 -5792
0 0
0 0
0 0
0 0
0 0
0 0
0 0
-3132 -7568
-800 -8152
1600 -8032
3860 -7224
5792 -5792
-7224 3860
8036 -1596
8152 804
-7568 -3132
-6332 -5196
-4552 -6812
2380 7840
0 -8192
-2376 7840
4552 -6812
6332 -5196
7568 -3132
-8152 804
8036 1600
-7224 -3860
-5792 -5792
-3860 -7224
1600 8036
-800 8152
-3132 7568
5196 -6332
-6812 4552
-7840 2380
0 0
7840 2380
-6812 -4552
-5196 -6332
-3132 -7568
804 8152
1600 -8032
-3860 7224
5792 -5792
7224 -3860
-8032 1600
-8152 -800
7568 3136
6332 5196
4552 6812
-2376 -7840
0 8192
-2376 7840
-4552 6812
-6332 5196
-7568 3136
-8152 804
-8032 -1596
7224 3860
-5792 -5792
-3860 -7224
-1596 -8032
-800 8152
-3132 7568
0 0
0 0
0 0
