0
0
0
0
0
0
6320
-1264
8848
-1264
3792
1264
6320
1264
-1264
-6320
6320
3792
3792
1264
-8848
-3792
-1264
-6320
-1264
0
3792
6320
6320
-8848
-1264
6320
3792
-1264
-6320
-6320
-1264
3792
-8848
-8848
-3792
3792
-6320
1264
8848
-8848
6320
-3792
-8848
-8848
-8848
-3792
1264
0
-8848
-1264
8848
8848
1264
-1264
-8848
-3792
-8848
-6320
-3792
3792
8848
3792
1264
-3792
-6320
-1264
-8848
6320
-1264
6320
-6320
-8848
1264
1264
-1264
6320
3792
-3792
-6320
-8848
-3792
6320
6320
0
-6320
6320
8848
8848
3792
-6320
-3792
-8848
3792
-3792
-6320
-8848
-3792
-3792
-8848
6320
6320
-8848
3792
-3792
1264
6320
-6320
-1264
-1264
8848
8848
0
-3792
1264
-1264
6320
-6320
-3792
-1264
-1264
8848
0
0
0
-6320
-6320
-3792
-3792
1264
8848
-1264
8848
1264
0
8848
-6320
1264
3792
3792
-1264
-3792
-6320
1264
-6320
-3792
-6320
6320
6320
-6320
6320
-8848
3792
1264
8848
8848
-6320
-6320
-8848
-1264
-6320
8848
0
-6320
-6320
-6320
-3792
8848
3792
-6320
3792
-1264
-1264
8848
1264
-3792
1264
-3792
-8848
1264
1264
1264
-1264
-3792
-8848
1264
6320
1264
-6320
-6320
-8848
-8848
6320
3792
8848
1264
-3792
-6320
0
-8848
-6320
1264
-1264
-1264
8848
1264
-3792
8848
-8848
6320
8848
6320
-6320
3792
1264
6320
6320
6320
-3792
-6320
1264
-3792
3792
-8848
3792
8848
0
8848
-8848
-6320
6320
-8848
8848
8848
1264
1264
-6320
-1264
6320
8848
3792
3792
1264
3792
-6320
-6320
0
0
0
0
0
0
0
0
0
0
0
-1264
-3792
-6320
6320
1264
-6320
1264
-8848
-1264
1264
-1264
8848
6320
-6320
-6320
1264
1264
1264
6320
0
1264
8848
-8848
-8848
3792
8848
-8848
-1264
-6320
-3792
8848
-6320
6320
-8848
6320
-1264
3792
3792
-6320
-3792
-8848
3792
3792
6320
-3792
-1264
-3792
0
-3792
-3792
-3792
-6320
-1264
1264
-6320
-8848
1264
-8848
-6320
-1264
-8848
6320
8848
-3792
-6320
-8848
-3792
6320
1264
-3792
3792
6320
1264
1264
-1264
-3792
1264
8848
6320
3792
-3792
-6320
6320
0
-3792
1264
-3792
-1264
-3792
6320
-3792
6320
6320
-1264
3792
3792
3792
-1264
1264
1264
8848
-8848
6320
-8848
6320
-8848
-8848
6320
3792
8848
6320
0
8848
3792
3792
-8848
1264
-1264
-8848
-3792
-8848
0
0
0
6320
8848
6320
1264
8848
-1264
-6320
-6320
-6320
0
3792
-8848
-1264
1264
-3792
-3792
8848
6320
-1264
-8848
-3792
8848
3792
-6320
8848
-1264
6320
3792
-3792
6320
-6320
1264
-3792
-1264
-6320
1264
8848
0
6320
8848
-1264
-6320
-8848
3792
1264
-3792
1264
3792
1264
-8848
-1264
8848
-3792
3792
3792
1264
6320
1264
1264
1264
-6320
8848
-8848
3792
-8848
6320
8848
-8848
-1264
8848
-8848
3792
-3792
0
8848
1264
6320
-1264
3792
6320
8848
6320
6320
3792
-1264
6320
-3792
-1264
-3792
3792
-8848
-1264
1264
-8848
1264
-6320
-8848
-8848
-1264
-3792
8848
0
3792
-3792
8848
-3792
-6320
-3792
-1264
6320
-6320
3792
3792
6320
1264
1264
-3792
6320
8848
-1264
-3792
0
0
0
0
0
0
0
0
0
0
0
-5356
-4966
-1264
6951
6322
3864
-10725
1743
-7290
-7445
3792
5951
9223
2460
10724
6663
-6724
2979
6320
-8034
11558
-1056
-5363
-2441
2052
4472
-8848
-6938
3585
-3148
-1788
2440
-7691
-2487
-8848
-2966
3420
4552
1787
1762
-8257
-7445
1264
-7445
9624
339
5362
-6811
-2053
-6938
1264
4951
-5921
339
-3575
-3855
-5356
486
-8848
-4952
10591
339
-1788
10170
2618
993
-8848
-1980
-685
358
7149
-3865
6723
-4473
-8848
3472
-5921
-2441
-5363
-359
7690
6444
1264
-8034
-9625
-4562
-7150
3845
-4954
-4966
-1264
-3473
-119
8765
3574
8058
3585
-2980
8848
4472
282
-5967
5362
-5260
-2218
6951
-3792
8923
7289
-5260
1787
6811
-1086
8923
8848
-7938
7289
12271
-1788
-1744
-6323
0
0
0
9624
-8069
1787
-5957
118
9417
-1264
-6445
1651
-6811
-3575
-5957
2618
1486
3792
-7925
3585
2440
-3575
10867
5920
-7
-1264
6
-6724
10867
3574
-349
-5921
-5445
-8848
1486
5756
-349
1787
1055
4953
8034
-3792
6937
-10592
-340
-1788
-4553
4789
-7445
-1264
4965
-6323
1055
-5363
3845
8657
1992
-8848
9910
-8257
-1754
3574
5966
-5921
-10404
-3792
-3473
-9224
9463
10724
-3865
-1251
499
-8848
-7938
2052
6811
-1788
8058
-5921
-2473
-6320
4965
-6724
3157
0
1762
4387
499
3792
6
9223
-2451
5362
4561
6322
-4473
-6320
6951
11558
4552
5362
-5957
6723
8034
-1264
-1980
4953
2440
7149
-3158
1085
-9418
-6320
-7431
1085
-2461
7149
2440
4387
1992
1264
-9911
-4954
0
0
0
0
0
0
0
0
0
0
0
-5921
-6445
-6320
-6938
-2454
-2451
-1788
5956
4387
-10404
8848
6951
-1251
3854
-12512
-7362
10591
-1993
6320
-8034
-5757
-1056
-5363
3147
-4388
3472
-1264
-994
-4388
4561
-7150
4561
11558
3472
6320
-4473
-5921
2450
-1788
1753
4387
1486
-8848
2472
-9625
358
-1788
-6811
-8257
-2487
-3792
-994
1651
-349
-8937
2440
-4790
-4966
-8848
6937
4789
-12272
1787
10170
4789
4951
-6320
2486
-119
3845
0
3854
9223
9417
-6320
8430
-5921
-4562
-8937
-4553
2618
6937
6320
8034
5756
-10171
3574
-349
684
-2487
-8848
-6952
282
-5957
-8937
1762
10591
1992
-6320
-7445
-2619
-5957
7149
-5957
5920
-2473
-6320
-994
-3020
4561
-8937
6811
-10592
-487
-8848
2472
1085
5249
-1788
-1754
-1086
0
0
0
-685
-9464
-1788
-3846
-2619
9910
-3792
4951
5920
6811
0
1743
1651
-994
-1264
-7445
4789
12271
-7150
2440
-119
-6952
8848
1979
-4790
10867
1787
-5250
2453
9910
1264
-1487
-6724
358
0
7361
6322
8034
3792
-2487
2453
-2451
3574
3147
7289
1992
1264
-1487
-5921
2450
7149
2440
5756
1486
3792
-7445
-6889
-10171
-10725
9463
1250
6937
3792
-2487
-1251
7361
0
3147
684
6
-3792
4472
6723
6811
-5363
3147
4387
7937
-3792
-2473
3986
2460
3574
-3846
-283
-994
3792
-6938
-4388
7361
5362
-1754
684
3472
1264
-5952
11558
-12272
-3575
339
4789
8034
-8848
-2473
6322
-1763
12511
358
5920
-10404
1264
-994
-6724
-1047
1787
-1763
5756
-4952
-1264
-7445
684
0
0
0
0
0
0
0
0
0
0
0
-9464
2681
1787
-5337
5956
-11973
-119
842
4965
886
-3792
-5423
-7431
5680
8256
-2749
-9464
6939
3574
5196
7361
11972
-5356
4213
-3473
6412
-8848
5422
499
6197
-4553
-6169
-5967
-2480
-8937
-7641
339
5284
9624
5463
4472
-7939
-8848
-392
-2473
6414
-8257
-7224
358
-4084
0
2830
1753
7360
-4954
-8617
-3473
-1382
6320
3649
2472
-109
11558
518
6654
727
3574
-176
-10171
6015
-1086
-5464
-3966
-5671
-3792
9176
-5952
-3262
-2619
-673
3854
7290
7149
5196
1046
2594
3420
3044
993
7938
-6320
2907
7444
7365
-1086
-8399
12271
8893
-3575
4985
-3148
11972
-5921
10301
3965
-8929
6320
5917
-5952
-9568
-7290
7224
3147
-7641
8936
3732
1055
-9744
-7290
-8100
-6952
0
0
0
1979
8099
2453
1556
-1047
-4986
0
8543
-1047
-7224
-2218
-7883
6444
-4393
6320
6412
1992
6197
-1086
-2595
2440
-4636
-3575
-10848
4561
-1557
-2619
-3996
-994
8681
-8848
-3898
-4459
-1359
-1251
7360
5249
-5196
10724
-12452
4561
-4094
-6323
3044
-8431
-6166
-3792
639
4458
6197
-283
-1557
-3148
-9245
-7150
-1227
3854
-673
7289
7148
9417
3897
8848
-9177
8923
-8100
1250
-9590
9463
876
-1788
-2480
-7362
7224
-9625
10301
-2980
-5423
3792
-3403
-5952
3995
8657
7206
-359
-526
-3575
9244
-5260
-9744
-1086
-1795
-1993
-1135
-3792
-887
-3966
-4947
684
3785
8765
-5196
8936
-4084
-1056
-7361
-3586
-6198
7924
-8187
1264
5422
-2473
7882
-9224
3055
1762
3031
10724
-4986
-1744
0
0
0
0
0
0
0
0
0
0
0
-349
-2480
1787
12451
5956
-3056
3019
4946
-7925
-3155
3792
-640
-3966
625
2618
-7515
-4553
-2682
-7150
5196
6663
6322
1250
-1577
-7938
-1382
-1264
8433
-10404
11035
-1086
3632
2440
-8894
12511
-2130
-10171
-3633
-5921
-1795
6951
-3650
-3792
1134
-1980
-10302
-6889
-7224
-3846
1077
1787
-10498
-3158
-4094
-3020
-1795
4951
-5423
-1264
1134
-5459
-1061
-5921
-10782
-2441
1428
-5363
12451
6663
-9590
-6323
-4947
-9911
-887
-6320
4392
-4952
108
-6323
9589
-1754
-3383
-3575
-5196
-5250
-1404
3986
5463
4472
8186
3792
-4393
993
5463
684
-4824
3157
-10848
-3575
-2831
-6664
365
1085
-843
-1487
-1382
3792
8433
10403
-11036
5756
7224
1762
12451
1787
-3733
2440
8551
4789
6197
2486
0
0
0
-9911
6197
-1652
-4978
1762
-3032
-1788
-1227
7361
7224
6322
6197
-6445
-1630
-6320
-1877
-2487
6197
-5356
-519
-1056
-2480
0
10497
7361
-7515
684
-10302
-1993
9423
-6320
4639
-5952
8099
4387
-3940
6663
-5196
-5363
1077
-349
672
5355
-4947
499
-9672
-6320
4392
1992
4946
-5356
-2902
-349
-3032
3574
-4084
-8069
6168
-6889
1794
7430
-2125
3792
639
-994
1576
3986
3632
-2441
-10498
8936
-4434
339
7224
4789
-7366
-7
9671
-8848
5917
-5459
7148
-11559
6168
-1754
-8544
-7150
-12452
358
-2749
-4388
-3262
-4473
1134
6320
6660
7937
3044
9624
2901
-349
-5196
3574
6939
2440
6015
1651
3479
-6952
-9672
-6320
8186
-5445
5680
-5921
672
3147
-9245
-1788
2129
-4562
0
0
0
0
0
0
0
0
0
0
0
5444
7360
-7150
-673
-6938
4392
-5757
9244
5956
-4730
-6320
-7366
8068
4433
282
-6661
993
-9590
-7150
7224
-1487
9671
-5356
-6590
-6664
7148
3792
4213
-10868
-5687
-7290
-1630
5951
2748
-10725
1864
1979
-1630
-6323
-1078
7361
-3778
6320
5680
-359
-5337
1250
802
4458
-3633
8936
-10782
-3473
-3403
5355
4083
1762
7365
3792
-6415
-5957
10497
6322
391
1486
3632
-5363
-4094
-2473
4392
6888
-176
-1763
-3996
-6320
1358
-9464
6037
-5757
-8187
2486
-7361
-10725
7224
4951
6165
11558
-1078
-10171
842
-6320
3777
5966
-526
2217
-7939
8923
-4094
-3575
8551
7937
7938
9223
-7641
-1047
-8617
8848
-8100
5259
9244
6322
-802
1992
2748
5362
6168
-4459
9671
-9625
-7291
8765
0
0
0
-1744
-4986
-1086
5917
499
-2749
3574
365
-1980
802
5920
1077
-12272
-1061
8848
6414
5956
-4084
8657
-6413
-1993
1864
0
-673
1486
391
-6889
1077
339
-7149
6320
-1061
-340
4985
2217
3154
2486
-7224
5362
6015
4965
1381
8657
6037
1055
6632
-3792
6632
-3846
-10848
-1251
-5918
-5445
7360
1787
-519
-6952
8681
-5356
2479
8765
6197
-1264
2527
-9464
-12452
11558
-1877
8923
-9744
-3575
-6323
1979
-802
2052
-4986
3854
5463
-1264
1060
3845
1428
8256
2124
10403
-3940
-3575
-366
2472
6907
-1251
-4636
-6664
5463
-3792
-6415
-4562
-3733
7289
639
1992
-7224
0
-1711
-2966
-4393
10591
4083
1753
-3480
8848
9567
1743
8893
-5356
-8682
-994
-1865
7149
-4094
7924
0
0
0
0
0
0
0
0
0
0
0
-4952
-11973
-1788
672
-7445
1629
6888
1778
6663
1794
3792
5680
1753
-3733
-1086
-7156
-9418
3632
-3575
7224
-1980
-9672
4387
10847
-9464
1794
8848
2310
-359
-4986
5920
-3898
-6938
-1711
3574
1710
-5459
3897
11558
3031
-359
-6198
-6320
108
-6664
-176
4387
802
-994
9589
-3575
-827
-5952
-8187
5920
-6940
-7362
108
1264
1576
-4553
7640
-8257
9671
-6952
-7361
12511
11972
-2473
-8434
-11559
1778
-2441
-5464
-3792
11035
-3855
1778
10591
6660
-1487
-6016
10724
-7224
4951
886
10591
-176
3147
-7149
1264
-1795
10170
1778
684
-3155
1992
11972
5362
-6016
-1980
-6413
11558
7290
-9464
3479
-3792
7148
3147
-4986
7289
-802
-5459
-3940
3574
518
4951
-887
-6889
2681
339
0
0
0
-2451
2479
-10592
-3155
993
-366
5362
365
1486
-802
-5757
3382
-10171
1794
-3792
-5464
8765
7290
-1652
1134
1486
6015
0
-11973
6937
5670
118
-12452
339
3995
-8848
3479
-7362
2681
6322
7155
-7938
-7224
0
-6169
-5445
-8187
6888
6939
6663
6414
3792
-5681
1055
-1078
5920
5422
1486
-7207
1787
-2902
6937
7938
-10592
-1779
-5250
3479
6320
6197
-3846
1077
-9625
-640
-3966
7360
-7150
6322
-7
-802
4387
175
1055
5680
-3792
-6633
3157
-12452
7289
-8434
-4952
4093
-1788
-6169
499
-9424
4789
9244
-5957
6197
-3792
-1795
358
-176
-1652
-1630
-994
-7224
-3575
3632
-6952
5422
-6724
-1227
-3846
-6198
-6320
-6198
2440
-6940
-1086
7938
-2473
1710
7149
518
4472
0
0
0
0
0
