0
0
0
0
0
0
-6320
8848
8848
-8848
-3792
-1264
-1264
-1264
8848
8848
-1264
-3792
-6320
1264
-6320
-1264
-6320
6320
-8848
8192
-8848
8848
1264
-8848
8848
-6320
6320
-8848
-8848
-8848
6320
-6320
-8848
1264
1264
6320
-8848
-1264
-8848
-1264
-3792
-3792
-6320
1264
-3792
3792
-3792
8192
8848
3792
6320
6320
6320
6320
-1264
-6320
-8848
-3792
-6320
-6320
6320
-8848
8848
6320
-6320
1264
-3792
-3792
-1264
-8848
-1264
-8848
3792
-1264
1264
-1264
6320
-8848
-8848
6320
1264
-1264
6320
8192
3792
8848
-8848
-1264
8848
-1264
-8848
8848
6320
-8848
3792
-3792
3792
-6320
-3792
1264
1264
3792
1264
1264
-8848
8848
-6320
3792
3792
-8848
1264
-8192
1264
6320
6320
-6320
6320
-3792
-6320
-8848
6320
0
0
0
-3792
6320
3792
6320
8848
1264
-3792
1264
3792
-8192
1264
3792
-8848
-1264
8848
6320
-6320
3792
8848
-1264
3792
8848
-1264
-1264
1264
8848
-8848
-6320
-8848
-3792
3792
-1264
-3792
-8848
3792
1264
-1264
8192
-3792
1264
-1264
-6320
-3792
8848
-8848
3792
3792
-8848
-8848
1264
3792
1264
-6320
8848
-3792
-6320
3792
-6320
-8848
-1264
-1264
-3792
-3792
3792
-6320
1264
-1264
8848
-3792
-1264
3792
-3792
3792
8192
-1264
-3792
1264
-6320
6320
3792
3792
3792
1264
6320
8848
-8848
8848
6320
3792
3792
-3792
8848
-8848
-1264
-1264
-3792
6320
-6320
3792
1264
-3792
8192
1264
-3792
-6320
6320
8848
-6320
8848
-1264
-3792
-6320
8848
3792
-6320
-3792
-1264
8848
1264
6320
6320
0
0
0
0
0
0
0
0
0
0
0
-8848
6320
-8848
-3792
1264
-3792
-1264
-3792
6320
6320
-3792
6320
-3792
3792
3792
3792
-1264
1264
8848
8192
1264
-3792
8848
-8848
6320
-8848
-8848
6320
-8848
1264
8848
8848
3792
3792
-8848
1264
-1264
1264
1264
8848
6320
8848
6320
1264
8848
-1264
-6320
8192
-1264
-6320
6320
-8848
-1264
1264
-3792
-3792
-3792
-8848
8848
1264
-3792
8848
3792
-6320
8848
-8848
-8848
-1264
-3792
6320
-6320
1264
-3792
-1264
1264
1264
-6320
3792
8848
-1264
-6320
-8848
3792
-8192
-8848
6320
1264
-6320
1264
-8848
-1264
8848
-3792
1264
6320
-6320
-6320
1264
1264
1264
-6320
8848
-3792
-8848
-8848
3792
8848
-8848
-1264
8848
-8848
-8192
-1264
-6320
6320
-8848
6320
-1264
3792
6320
8848
0
0
0
-6320
-8848
3792
3792
6320
-3792
-1264
-3792
3792
8192
3792
-3792
-6320
-1264
1264
-6320
-8848
-8848
-1264
-6320
-1264
-8848
6320
8848
-3792
-6320
-3792
-1264
8848
1264
-3792
3792
6320
1264
1264
-3792
6320
8192
-1264
8848
6320
3792
-3792
-6320
6320
-1264
-6320
-3792
-1264
-3792
6320
-3792
6320
6320
-6320
-6320
-1264
3792
-1264
1264
1264
8848
-8848
-8848
6320
1264
-8848
-8848
6320
3792
8848
6320
6320
8192
-8848
-8848
-8848
1264
-1264
-8848
-3792
-8848
3792
1264
6320
1264
8848
-1264
-6320
-6320
-6320
-3792
-1264
-6320
1264
-3792
-3792
8848
6320
-1264
8848
8192
6320
6320
3792
-6320
8848
-1264
6320
3792
-3792
1264
-1264
1264
-3792
-1264
-6320
1264
8848
3792
6320
0
0
0
0
0
0
0
0
0
0
0
-3586
-7431
-6320
-10404
-1251
8058
-1788
8765
1085
-7925
6320
-2473
5756
5956
1787
-3148
-6889
4458
3792
1598
4789
-3855
7149
-12272
4953
9910
1264
-2487
5355
6663
3574
12271
-4553
-6938
8848
-8431
-8257
-4562
-7150
-9464
3420
-7925
1264
7924
118
-10868
0
-4551
-4954
2486
3792
5458
-4388
-10868
8936
-1056
-3586
-8924
-6320
-5459
2453
-10868
7149
-3846
-3020
1486
6320
-3473
1651
7361
-5363
8058
6888
-9911
-3792
-1980
-4388
12271
-7150
7361
4552
-7
6320
1598
-119
-4553
-5363
10170
2052
-7431
8848
1979
9624
1743
8936
3864
-5356
-4459
1264
-9911
3986
-6655
-7150
1046
8657
10403
-3792
-487
1085
-1047
10724
4551
-7290
486
1264
5444
1085
2440
-7150
-8766
-1251
0
0
0
118
-5250
-3575
-2461
9624
-1993
8848
-7
684
4551
-8937
-2461
-3020
-994
-8848
-7445
5355
-12272
1787
-340
-4388
-6445
-6320
-6445
6888
339
-1788
-1754
4387
7937
1264
993
-9224
1753
-7150
-3855
-2053
1598
-3792
2486
-2454
10867
7149
-4562
11558
-7925
3792
-7431
1250
3854
-7150
10170
2217
9417
-1264
4472
-3421
-349
1787
-6655
4387
6951
3792
1979
-5757
-1763
1787
8058
6322
3965
-8848
5444
-4954
-4551
-3575
3864
4387
5951
-1264
-7431
6888
2450
8936
-9464
5920
3965
-8848
-6445
5756
3157
-3575
-4553
1250
-9911
-6320
-10404
4789
-4562
7149
-2461
6888
1598
1264
-3473
2052
-12272
-5363
2450
7289
1992
-1264
-4966
-7290
-5957
-5363
12271
5920
9417
-8848
-4473
-2053
0
0
0
0
0
0
0
0
0
0
0
4387
6
3792
-2487
10591
3157
0
2460
5920
6951
1264
-10404
-6323
-1056
0
-359
-2454
-9418
-1264
1598
9223
-3855
3574
6663
-5921
1979
6320
1486
5920
4552
-1788
-4553
-4790
1979
3792
9910
-4388
-3158
-10725
-349
5920
-994
3792
5951
-119
7361
-7150
-4551
3420
-6938
-6320
1486
684
1753
-3575
12271
-11559
-7431
-8848
2486
-11559
-2441
3574
-3846
11558
-5459
-8848
-6938
9624
-10171
1787
1055
-5757
-1993
-8848
-2966
-4388
-4553
3574
-4562
-3020
-2487
3792
-1598
-9224
-3846
-8937
-1754
1651
-6938
-6320
10403
3986
2460
0
-9464
-2454
9417
-3792
7924
-3020
2460
1787
-2461
-4388
5951
-3792
1486
2618
4552
3574
4551
2453
8923
3792
5951
-7290
-8069
7149
348
-7290
0
0
0
1651
1762
3574
-10171
3019
-4473
-6320
5458
4387
-4551
-1788
8765
-685
-1487
-1264
7924
-11559
2440
1787
12271
-9625
-10404
6320
3472
11558
339
7149
-8069
10591
-4473
6320
-994
6888
7361
12511
358
1250
1598
-8848
6937
-10592
3157
5362
6663
-1086
9417
1264
-994
-4388
-3158
1787
12271
9223
-994
8848
7924
-6724
-3846
1787
1762
-6323
-2487
-1264
6937
-6323
-359
8936
6663
1651
6444
-1264
-9911
-6889
-4551
-3575
6663
5920
5444
6320
-5952
-283
5956
-1788
-10171
3986
-1487
8848
-2487
5920
-359
-3575
348
1651
1979
1264
2472
4789
-2441
-8937
10867
11558
1598
-3792
-5952
-1251
-9464
0
-7362
-4388
6951
-6320
1486
6888
5259
10724
9463
9223
5458
3792
7924
-1652
0
0
0
0
0
0
0
0
0
0
0
1762
9244
10724
525
2460
3632
-9625
1576
7430
3897
3792
9423
-4966
-3045
3420
2901
1762
2479
8936
-6332
358
-3633
-3586
7882
-1980
-640
-8848
-9424
-3966
7365
-7691
1864
-6655
6939
3574
-4636
10867
-7207
-119
-4947
9910
-9672
-3792
8928
-5952
-626
-3421
3861
7361
4985
5362
10497
-349
-366
2052
6632
-1980
1134
8848
-1630
5951
3995
4789
-1711
-5967
10847
-5363
-1779
3845
7514
-7290
4946
499
-6908
8848
2907
2472
2310
-3020
-3940
-1056
-1078
5362
-6332
5259
8551
8256
-5681
1486
9671
-1264
-9177
-7925
-6198
7289
3055
2440
876
-1788
-4084
-6664
-3633
4387
-3480
-500
391
-3792
-4393
2472
-1061
-1086
-3861
-6664
4635
0
1428
-3855
4823
1085
-3778
-10404
0
0
0
3472
-3778
-10592
-5132
5259
-4084
1787
-4434
-5260
-3861
8657
4213
-7
5917
3792
639
-9418
7365
7289
8551
-12272
-7641
1787
-728
-4553
-5132
3019
108
-1487
2124
1264
-887
-2980
-8834
-6323
365
-8069
-6332
-1788
1226
-4553
4977
-1251
-5681
-2966
-1877
-8848
-6413
2979
7365
-3987
5131
6663
2681
-1788
-12452
1055
3939
-1086
-1795
-1993
-887
8848
-2908
-487
3777
6322
826
-1763
-8894
-3575
-6940
-359
3861
118
-3480
-4459
-9424
-8848
4144
2472
108
-2218
-5285
-7362
5336
-8937
2681
1046
4823
-7290
-7149
-9418
-1382
-6320
3897
-500
5463
-1652
-6323
1743
-6332
0
-4986
3854
365
5355
7365
-7445
-7156
-3792
-9424
-5952
4213
-5757
8398
9463
5686
-1788
4083
-8766
0
0
0
0
0
0
0
0
0
0
0
1753
6939
-3575
-1227
2460
8398
2618
5463
7444
-6661
-1264
6412
-500
6414
3019
-6016
4561
-9245
1787
-6332
-3148
-3786
-6323
842
-5445
1134
-1264
-4640
-6952
5898
7289
-11973
-12272
-877
0
-3383
3845
-11973
4387
-7149
10403
-1630
1264
-1382
-3473
-3480
-6724
3861
10170
7290
3574
2830
2450
4977
-2619
-7149
-5459
-9424
-1264
-1382
4951
9567
-4388
-1404
12271
3732
3574
-1227
-3148
-827
-1251
-5464
4472
-3898
-1264
5917
-5459
-3996
1250
-827
-349
-2130
5362
6332
-8069
-10782
282
-4947
9910
7155
8848
-5918
-1487
4946
-1652
9743
2450
727
5362
-10498
3147
7360
7289
-1577
993
1134
8848
-4640
6951
-5899
-9224
-3861
9463
1226
-10725
-1429
12271
-2595
11558
-7366
6937
0
0
0
-4473
7365
-685
4093
9463
-5687
-7150
-12452
358
3861
1250
-7366
6
3649
3792
-6166
6937
7365
3585
1710
-3855
6939
12511
-2831
358
6015
1651
3479
-9418
-5423
3792
8433
2472
-3778
-5921
672
3147
-6332
-3575
-7291
-1754
-3940
3585
-5464
3965
7938
1264
5917
-9418
-5464
3585
-2749
1753
-5687
-1788
-4986
5249
1864
6723
7148
-4966
8681
-6320
-6413
1486
842
-283
-11973
12271
-2831
0
-8544
10867
3861
11558
-6198
-6445
-7939
-3792
-4393
4951
1794
-4790
-1865
-349
-4434
1787
1226
-7362
-2902
-5921
-2311
-9911
1381
3792
3154
-5445
5680
118
2748
1753
-6332
-5363
-2480
12271
7514
-685
10301
-10404
7938
3792
-7156
-7938
-3045
-4388
3939
-6664
2681
-7150
3382
4552
0
0
0
0
0
0
0
0
0
0
0
7937
365
1787
3939
2486
5917
9223
-2682
2460
2527
6320
6197
5249
8543
-3987
3154
-1487
826
-5363
3861
993
7938
3585
-6038
3147
-1795
1264
-7883
-340
-3032
1085
3649
-2473
-2902
1787
-6169
-3473
-3650
1250
-7291
358
8099
6320
-3045
-7362
525
-6323
-8152
2979
11972
3574
1403
-1980
4144
-3586
-4986
-9464
6197
-1264
625
2460
-2831
1250
8928
993
-11973
-3575
4977
5951
5917
6723
1778
9463
108
-8848
8833
1762
6589
-9224
-7156
-6938
-366
1787
3861
-5459
-1877
4789
-7291
3845
1576
-1264
8099
6654
-5337
-8658
-9672
-487
-4978
5362
-2595
5444
-9672
5756
4635
-5260
6632
1264
3777
1046
2681
1250
8152
-9418
-2902
-7150
1864
2979
7938
-119
1077
-1744
0
0
0
8765
4083
-7290
4392
-3966
2901
5362
7360
3472
8152
4387
7290
2440
-9568
-8848
-626
-2461
-4986
2217
639
9417
6168
5362
3939
-994
-8929
-6724
7290
10867
1794
-6320
9567
10867
-4084
-8658
6660
-6938
3861
-3575
7514
7430
1134
-2218
-6590
-3855
8616
-6320
-8617
10170
-728
6322
-4393
-7938
365
0
-1711
-10404
-2125
3585
-6940
-1744
-7366
-8848
-4730
1762
1226
-4790
6165
-487
-4824
1787
3785
-3473
-8152
-4954
-4084
1055
-4947
-1264
-9568
-10171
-3733
-3421
-8682
6951
672
5362
-7361
-5952
5670
-6323
-7641
3147
-4947
6320
625
-4553
-1429
-1086
6412
-9418
3861
5362
518
8430
-5918
2453
-4986
-349
-10302
-8848
1060
-8766
-877
-3586
-2125
1486
-6169
-1788
4977
-7445
0
0
0
0
0
0
0
0
0
0
0
-5459
-3633
-7150
-3940
-7925
3649
6723
175
-3148
7148
-8848
-3045
348
-1429
-7290
8186
-1993
-11973
-5363
3861
3472
-7939
-5921
-728
-1763
7148
-6320
3261
-7362
4083
-4388
886
-2487
-519
1787
-519
-4952
886
4789
5686
7361
7365
-3792
-3996
-3148
-1779
5920
-8152
1486
-827
-5363
9589
-2473
7155
4387
-2480
-359
3995
-1264
842
4561
4635
3420
-7939
10403
-366
0
-3633
5951
4639
-4790
175
-12272
4946
-6320
5898
1055
-176
-2454
-3155
-994
7514
1787
-3861
-5459
-3898
2453
1778
6663
1794
-1264
7148
3845
-176
1651
-6661
-9418
3632
-3575
-7515
3472
-640
4789
-1078
-1763
10301
1264
1794
-6664
4083
-1086
8152
4951
672
5362
1710
-5459
3897
-6724
9244
10867
0
0
0
3157
6939
2453
-6661
-1487
7360
-7150
7360
-994
-8152
9223
2129
3845
7148
-6320
-4947
1743
1077
684
1381
993
-7515
12511
3632
-2487
-6908
-9625
-1227
10867
-109
-8848
-10302
358
-9245
1250
-8187
5444
3861
-1788
-1865
7937
7155
6723
2479
-3148
625
-8848
3044
3854
7290
-4388
9423
993
5284
0
2748
-2487
-9672
-2454
-176
-8069
10301
-3792
7365
10170
-7291
118
-6413
-500
365
1787
-3786
-6445
-8152
-5921
-1779
-3855
3044
8848
8616
2450
1226
-1086
-4640
-5459
4977
3574
-1865
3965
-5423
-11559
-2682
-2461
-7366
-6320
7148
7361
-1779
684
3649
1486
3861
-1788
11972
-10404
-9424
6888
12451
-10171
7365
-1264
-7366
-12272
2479
-7290
9671
-5952
518
5362
1710
9910
0
0
0
0
0
