0 0
0 0
0 0
0 0
0 0
8192 0
8192 0
-8192 0
-8192 0
8192 0
8192 0
-8192 0
8192 0
-8192 0
8192 0
8192 0
8192 0
8192 0
8192 0
8192 0
-8192 0
-8192 0
8192 0
8192 0
-8192 0
8192 0
-8192 0
8192 0
8192 0
8192 0
8192 0
0 0
8192 0
-8192 0
-8192 0
8192 0
8192 0
-8192 0
8192 0
-8192 0
8192 0
-8192 0
-8192 0
-8192 0
-8192 0
-8192 0
8192 0
8192 0
-8192 0
-8192 0
8192 0
-8192 0
8192 0
-8192 0
8192 0
8192 0
8192 0
8192 0
0 0
0 0
0 0
0 0
0 0
0 0
0 0
0 0
0 0
0 0
0 0
-6811 -4551
-6332 -5196
5792 5792
5196 6332
-4551 -6811
-3861 -7224
3134 7568
-2378 -7839
1598 8034
-802 -8152
0 -8191
802 -8152
1598 -8034
2378 -7839
3134 -7568
-3861 7224
-4551 6811
5196 -6332
5792 -5792
-6332 5196
6811 -4551
-7224 3861
7568 -3134
7839 -2378
8034 -1598
8152 -802
0 0
8152 802
-8034 -1598
-7839 -2378
7568 3134
7224 3861
-6811 -4551
6332 5196
-5792 -5792
5196 6332
-4551 -6811
-3861 -7224
-3134 -7568
-2378 -7839
-1598 -8034
802 8152
0 8191
802 -8152
1598 -8034
-2378 7839
3134 -7568
-3861 7224
4551 -6811
-5196 6332
-5792 5792
-6332 5196
-6811 4551
0 0
0 0
0 0
0 0
0 0
0 0
0 0
0 0
0 0
0 0
0 0
3134 7568
1598 8034
0 -8191
1598 -8034
-3134 7568
-4551 6811
5792 -5792
-6811 4551
7568 -3134
-8034 1598
-8191 0
-8034 -1598
-7568 -3134
-6811 -4551
-5792 -5792
4551 6811
3134 7568
-1598 -8034
0 -8191
-1598 8034
3134 -7568
-4551 6811
5792 -5792
6811 -4551
7568 -3134
8034 -1598
0 0
8034 1598
-7568 -3134
-6811 -4551
5792 5792
4551 6811
-3134 -7568
1598 8034
0 -8191
-1598 8034
3134 -7568
4551 -6811
5792 -5792
6811 -4551
7568 -3134
-8034 1598
-8191 0
8034 1598
7568 3134
-6811 -4551
5792 5792
-4551 -6811
3134 7568
-1598 -8034
0 -8191
1598 -8034
3134 -7568
0 0
0 0
0 0
0 0
0 0
0 0
0 0
0 0
0 0
0 0
0 0
1598 -8034
3861 -7224
-5792 5792
-7224 3861
8034 -1598
8152 802
-7568 -3134
6332 5196
-4551 -6811
2378 7839
0 8191
-2378 7839
-4551 6811
-6332 5196
-7568 3134
8152 -802
8034 1598
-7224 -3861
-5792 -5792
3861 7224
-1598 -8034
-802 8152
3134 -7568
5196 -6332
6811 -4551
7839 -2378
0 0
7839 2378
-6811 -4551
-5196 -6332
3134 7568
802 8152
1598 -8034
-3861 7224
5792 -5792
-7224 3861
8034 -1598
8152 802
7568 3134
6332 5196
4551 6811
-2378 -7839
0 -8191
-2378 7839
-4551 6811
6332 -5196
-7568 3134
8152 -802
-8034 -1598
7224 3861
5792 5792
3861 7224
1598 8034
0 0
0 0
0 0
0 0
0 0
>>>>>>> 67ef782d3d2c8e0da068c9b55cbea48ad087c4b5:dataForComare/LTF_csd_windows.txt
