0 0
0 0
0 0
0 0
0 0
0 0
0 0
0 0
5792 5792
0 0
0 0
0 0
-5793 -5793
0 0
0 0
0 0
5792 5792
0 0
0 0
0 0
-5793 -5793
0 0
0 0
0 0
-5793 -5793
0 0
0 0
0 0
5792 5792
0 0
0 0
0 0
0 0
0 0
0 0
0 0
-5793 -5793
0 0
0 0
0 0
-5793 -5793
0 0
0 0
0 0
5792 5792
0 0
0 0
0 0
5792 5792
0 0
0 0
0 0
5792 5792
0 0
0 0
0 0
5792 5792
0 0
0 0
0 0
0 0
0 0
0 0
0 0
0 0
0 0
0 0
0 0
0 0
0 0
0 0
0 0
0 -8191
0 0
0 0
0 0
-3136 7567
0 0
0 0
0 0
5791 -5792
0 0
0 0
0 0
-7568 3135
0 0
0 0
0 0
-8192 0
0 0
0 0
0 0
7566 3134
0 0
0 0
0 0
0 0
0 0
0 0
0 0
-3136 -7568
0 0
0 0
0 0
0 -8192
0 0
0 0
0 0
-3135 7566
0 0
0 0
0 0
-5792 5791
0 0
0 0
0 0
-7567 3134
0 0
0 0
0 0
-8191 0
0 0
0 0
0 0
0 0
0 0
0 0
0 0
0 0
0 0
0 0
0 0
0 0
0 0
0 0
0 0
-5792 5791
0 0
0 0
0 0
8191 0
0 0
0 0
0 0
-5792 -5792
0 0
0 0
0 0
0 8191
0 0
0 0
0 0
-5793 5792
0 0
0 0
0 0
8190 0
0 0
0 0
0 0
0 0
0 0
0 0
0 0
0 -8192
0 0
0 0
0 0
5792 -5793
0 0
0 0
0 0
-8191 0
0 0
0 0
0 0
-5792 -5792
0 0
0 0
0 0
0 -8191
0 0
0 0
0 0
5791 -5792
0 0
0 0
0 0
0 0
0 0
0 0
0 0
0 0
0 0
0 0
0 0
0 0
0 0
0 0
0 0
8190 0
0 0
0 0
0 0
-3136 -7568
0 0
0 0
0 0
-5792 5791
0 0
0 0
0 0
7567 3135
0 0
0 0
0 0
0 8191
0 0
0 0
0 0
7566 -3135
0 0
0 0
0 0
0 0
0 0
0 0
0 0
3135 -7568
0 0
0 0
0 0
8191 0
0 0
0 0
0 0
-3135 -7567
0 0
0 0
0 0
5791 -5792
0 0
0 0
0 0
7566 3134
0 0
0 0
0 0
0 8190
0 0
0 0
0 0
0 0
0 0
0 0
0 0
